
if game.PlaceId == 2753915549 then
   World1 = true
elseif game.PlaceId == 4442272183 then
   World2 = true
elseif game.PlaceId == 7449423635 then
   World3 = true
end

local function CheckLevel()
 local Lv = game:GetService("Players").LocalPlayer.Data.Level.Value
    if World1 then
         if Lv == 1 or Lv <= 9 then
            Monster = "Bandit"
            LvQuest = 1
            NameQuest = "BanditQuest1"
            NameMonster = "Bandit"
            CFrameQuest = CFrame.new(1059.37195, 15.4495068, 1550.4231, 0.939700544, -0, -0.341998369, 0, 1, -0, 0.341998369, 0, 0.939700544)
            CFrameMonster = CFrame.new(1045.962646484375, 27.00250816345215, 1560.8203125)
        elseif Lv == 10 or Lv <= 14 then
            Monster = "Monkey"
            LvQuest = 1
            NameQuest = "JungleQuest"
            NameMonster = "Monkey" 
            CFrameQuest = CFrame.new(-1598.08911, 35.5501175, 153.377838, 0, 0, 1, 0, 1, -0, -1, 0, 0)
            CFrameMonster = CFrame.new(-1448.51806640625, 67.85301208496094, 11.46579647064209)
        elseif Lv == 15 or Lv <= 29 then
            Monster = "Gorilla"
            LvQuest = 2
            NameQuest = "JungleQuest"
            NameMonster = "Gorilla"
            CFrameQuest = CFrame.new(-1598.08911, 35.5501175, 153.377838, 0, 0, 1, 0, 1, -0, -1, 0, 0)
            CFrameMonster = CFrame.new(-1149.8736669921875, 40.46354675292969, -525.4237060546875)
        elseif Lv == 30 or Lv <= 39 then
            Monster = "Pirate"
            LvQuest = 1
            NameQuest = "BuggyQuest1"
            NameMonster = "Pirate"
            CFrameQuest = CFrame.new(-1139.5631103515625, 4.75205135345459, 3830.38671875)
            CFrameMonster = CFrame.new(-1045.943115234375, 64.41950225830078, 3930.302001953125)
        elseif Lv == 40 or Lv <= 59 then
            Monster = "Brute"
            LvQuest = 2
            NameQuest = "BuggyQuest1"
            NameMonster = "Brute"
            CFrameQuest = CFrame.new(-1139.5631103515625, 4.75205135345459, 3830.38671875)
            CFrameMonster = CFrame.new(-1150.2763671875, 130.60118103027344, 4164.9345703125)
        elseif Lv == 60 or Lv <= 74 then
            Monster = "Desert Bandit"
            LvQuest = 1
            NameQuest = "DesertQuest"
            NameMonster = "Desert Bandit"
            CFrameQuest = CFrame.new(894.488647, 5.14000702, 4392.43359, 0.819155693, -0, -0.573571265, 0, 1, -0, 0.573571265, 0, 0.819155693)
            CFrameMonster = CFrame.new(935.8798046975, 6.44867467880249, 4481.5859375)
        elseif Lv == 75 or Lv <= 89 then
            Monster = "Desert Officer"
            LvQuest = 2
            NameQuest = "DesertQuest"
            NameMonster = "Desert Officer"
            CFrameQuest = CFrame.new(894.488647, 5.14000702, 4392.43359, 0.819155693, -0, -0.573571265, 0, 1, -0, 0.573571265, 0, 0.819155693)
            CFrameMonster = CFrame.new(1608.2822265625, 8.614224433898926, 4371.00732421875)
        elseif Lv == 90 or Lv <= 99 then
            Monster = "Snow Bandit"
            LvQuest = 1
            NameQuest = "SnowQuest"
            NameMonster = "Snow Bandit"
            CFrameQuest = CFrame.new(1389.74451, 88.1519318, -1298.90796, -0.342042685, 0, 0.939684391, 0, 1, 0, -0.939684391, 0, -0.342042685)
            CFrameMonster = CFrame.new(1354.347900390625, 87.27277374267578, -1393.946533203125)
        elseif Lv == 100 or Lv <= 119 then
            Monster = "Snowman"
            LvQuest = 2
            NameQuest = "SnowQuest"
            NameMonster = "Snowman"
            CFrameQuest = CFrame.new(1389.74451, 88.1519318, -1298.90796, -0.342042685, 0, 0.939684391, 0, 1, 0, -0.939684391, 0, -0.342042685)
            CFrameMonster = CFrame.new(1201.6412353515625, 144.57958984375, -1550.0670166015625)
        elseif Lv == 120 or Lv <= 149 then
            Monster = "Chief Petty Officer"
            LvQuest = 1
            NameQuest = "MarineQuest2"
            NameMonster = "Chief Petty Officer"
            CFrameQuest = CFrame.new(-5039.58643, 27.3500385, 4324.68018, 0, 0, -1, 0, 1, 0, 1, 0, 0)
            CFrameMonster = CFrame.new(-4710.35986328125, 112.02615356445312, 4584.92578125)
        elseif Lv == 150 or Lv <= 174 then
            Monster = "Sky Bandit"
            LvQuest = 1
            NameQuest = "SkyQuest"
            NameMonster = "Sky Bandit"
            CFrameQuest = CFrame.new(-4838.701171875, 717.6693115234375, -2617.86474609375)
            CFrameMonster = CFrame.new(-4965.37890625, 357.3741455078125, -2848.702392578125)
        elseif Lv == 175 or Lv <= 189 then
            Monster = "Dark Master"
            LvQuest = 2
            NameQuest = "SkyQuest"
            NameMonster = "Dark Master"
            CFrameQuest = CFrame.new(-4838.701171875, 717.6693115234375, -2617.86474609375)
            CFrameMonster = CFrame.new(-5224.05859375, 484.4478454589844, -2275.99853515625)
        elseif Lv == 190 or Lv <= 209 then
            Monster = "Prisoner"
            LvQuest = 1
            NameQuest = "PrisonerQuest"
            NameMonster = "Prisoner"
            CFrameQuest = CFrame.new(5309.6474609375, 1.654262661933899, 477.8815612792969)
            CFrameMonster = CFrame.new(5276.5576171875, 87.83663940429688, 561.0100708007812)
        elseif Lv == 210 or Lv <= 249 then
            Monster = "Dangerous Prisoner"
            LvQuest = 2
            NameQuest = "PrisonerQuest"
            NameMonster = "Dangerous Prisoner"
            CFrameQuest = CFrame.new(5309.6474609375, 1.654262661933899, 477.8815612792969)
            CFrameMonster = CFrame.new(5276.5576171875, 87.83663940429688, 561.0100708007812)
        elseif Lv == 250 or Lv <= 299 then
            Monster = "Toga Warrior"
            LvQuest = 1
            NameQuest = "ColosseumQuest"
            NameMonster = "Toga Warrior"
            CFrameQuest = CFrame.new(-1580.04663, 6.35000277, -2986.47534, -0.515037298, 0, -0.857167721, 0, 1, 0, 0.857167721, 0, -0.515037298)
            CFrameMonster = CFrame.new(-1820.21484375, 51.68385696411133, -2740.6650390625)
        elseif Lv == 300 or Lv <= 324 then
            Monster = "Military Soldier"
            LvQuest = 1
            NameQuest = "MagmaQuest"
            NameMonster = "Military Soldier"
            CFrameQuest = CFrame.new(-5313.37012, 10.9500084, 8515.29395, -0.499959469, 0, 0.866048813, 0, 1, 0, -0.866048813, 0, -0.499959469)
            CFrameMonster = CFrame.new(-5411.16455078125, 11.081554412841797, 8454.29296875)
        elseif Lv == 325 or Lv <= 374 then
            Monster = "Military Spy"
            LvQuest = 2
            NameQuest = "MagmaQuest"
            NameMonster = "Military Spy"
            CFrameQuest = CFrame.new(-5313.37012, 10.9500084, 8515.29395, -0.499959469, 0, 0.866048813, 0, 1, 0, -0.866048813, 0, -0.499959469)
            CFrameMonster = CFrame.new(-5802.8681640625, 86.26241302490234, 8828.859375)
        elseif Lv == 375 or Lv <= 399 then
            Monster = "Fishman Warrior"
            LvQuest = 1
            NameQuest = "FishmanQuest"
            NameMonster = "Fishman Warrior"
            CFrameQuest = CFrame.new(61122.65234375, 18.497442245483, 1569.3997802734)
            CFrameMonster = CFrame.new(60878.30078125, 18.482830047607422, 1543.7574462890625)
            if _G.AutoFarmLevel and (CFrameQuest.Position - game.Players.LocalPlayer.Character.HumanoidRootPart.Position).Magnitude > 10000 then
                game:GetService("ReplicatedStorage").Remotes.CommF_:InvokeServer("requestEntrance",Vector3.new(61163.8515625, 11.6796875, 1819.7841796875))
            end
        elseif Lv == 400 or Lv <= 449 then
            Monster = "Fishman Commando"
            LvQuest = 2
            NameQuest = "FishmanQuest"
            NameMonster = "Fishman Commando"
            CFrameQuest = CFrame.new(61122.65234375, 18.497442245483, 1569.3997802734)
            CFrameMonster = CFrame.new(61922.6328125, 18.482830047607422, 1493.934326171875)
            if _G.AutoFarmLevel and (CFrameQuest.Position - game.Players.LocalPlayer.Character.HumanoidRootPart.Position).Magnitude > 10000 then
                game:GetService("ReplicatedStorage").Remotes.CommF_:InvokeServer("requestEntrance",Vector3.new(61122.65234375, 18.497442245483, 1569.3997802734))
            end
        elseif Lv == 450 or Lv <= 474 then
            Monster = "God's Guard"
            LvQuest = 1
            NameQuest = "SkyExp1Quest"
            NameMonster = "God's Guard"
            CFrameQuest = CFrame.new(-4721.88867, 843.874695, -1949.96643, 0.996191859, -0, -0.0871884301, 0, 1, -0, 0.0871884301, 0, 0.996191859)
            CFrameMonster = CFrame.new(-4710.04296875, 845.2769775390625, -1927.3079833984375)
            if _G.AutoFarmLevel and (CFrameQuest.Position - game.Players.LocalPlayer.Character.HumanoidRootPart.Position).Magnitude > 10000 then
                game:GetService("ReplicatedStorage").Remotes.CommF_:InvokeServer("requestEntrance",Vector3.new(-4721.88867, 843.874695, -1949.96643, 0.996191859, -0, -0.0871884301, 0, 1, -0, 0.0871884301, 0, 0.996191859))
            end
        elseif Lv == 475 or Lv <= 524 then
            Monster = "Shanda"
            LvQuest = 2
            NameQuest = "SkyExp1Quest"
            NameMonster = "Shanda"
            CFrameQuest = CFrame.new(-7859.09814, 5544.19043, -381.476196, -0.422592998, 0, 0.906319618, 0, 1, 0, -0.906319618, 0, -0.422592998)
            CFrameMonster = CFrame.new(-7678.48974609375, 5566.40380859375, -497.2156066894531)
            if _G.AutoFarmLevel and (CFrameQuest.Position - game.Players.LocalPlayer.Character.HumanoidRootPart.Position).Magnitude > 10000 then
                game:GetService("ReplicatedStorage").Remotes.CommF_:InvokeServer("requestEntrance",Vector3.new(-7859.09814, 5544.19043, -381.476196, -0.422592998, 0, 0.906319618, 0, 1, 0, -0.906319618, 0, -0.422592998))
            end
        elseif Lv == 525 or Lv <= 549 then
            Monster = "Royal Squad"
            LvQuest = 1
            NameQuest = "SkyExp2Quest"
            NameMonster = "Royal Squad"
            CFrameQuest = CFrame.new(-7906.81592, 5634.6626, -1411.99194, 0, 0, -1, 0, 1, 0, 1, 0, 0)
            CFrameMonster = CFrame.new(-7624.25244140625, 5658.13330078125, -1467.354248046875)
        elseif Lv == 550 or Lv <= 624 then
            Monster = "Royal Soldier"
            LvQuest = 2
            NameQuest = "SkyExp2Quest"
            NameMonster = "Royal Soldier"
            CFrameQuest = CFrame.new(-7906.81592, 5634.6626, -1411.99194, 0, 0, -1, 0, 1, 0, 1, 0, 0)
            CFrameMonster = CFrame.new(-7836.75341796875, 5645.6640625, -1790.6236572265625)
        elseif Lv == 625 or Lv <= 649 then
            Monster = "Galley Pirate"
            LvQuest = 1
            NameQuest = "FountainQuest"
            NameMonster = "Galley Pirate"
            CFrameQuest = CFrame.new(5259.81982, 37.3500175, 4050.0293, 0.087131381, 0, 0.996196866, 0, 1, 0, -0.996196866, 0, 0.087131381)
            CFrameMonster = CFrame.new(5551.02197265625, 78.90135192871094, 3930.412841796875)
        elseif Lv >= 650 then
            Monster = "Galley Captain"
            LvQuest = 2
            NameQuest = "FountainQuest"
            NameMonster = "Galley Captain"
            CFrameQuest = CFrame.new(5259.81982, 37.3500175, 4050.0293, 0.087131381, 0, 0.996196866, 0, 1, 0, -0.996196866, 0, 0.087131381)
            CFrameMonster = CFrame.new(5441.95166015625, 42.50205993652344, 4950.09375)
        end
     elseif World2 then
        if Lv == 700 or Lv <= 724 then
            Monster = "Raider"
            LvQuest = 1
            NameQuest = "Area1Quest"
            NameMonster = "Raider"
            CFrameQuest = CFrame.new(-429.543518, 71.7699966, 1836.18188, -0.22495985, 0, -0.974368095, 0, 1, 0, 0.974368095, 0, -0.22495985)
            CFrameMonster = CFrame.new(-728.3267211914062, 52.779319763183594, 2345.7705078125)
        elseif Lv == 725 or Lv <= 774 then
            Monster = "Mercenary"
            LvQuest = 2
            NameQuest = "Area1Quest"
            NameMonster = "Mercenary"
            CFrameQuest = CFrame.new(-429.543518, 71.7699966, 1836.18188, -0.22495985, 0, -0.974368095, 0, 1, 0, 0.974368095, 0, -0.22495985)
            CFrameMonster = CFrame.new(-1004.3244018554688, 80.15886688232422, 1424.619384765625)
        elseif Lv == 775 or Lv <= 799 then
            Monster = "Swan Pirate"
            LvQuest = 1
            NameQuest = "Area2Quest"
            NameMonster = "Swan Pirate"
            CFrameQuest = CFrame.new(638.43811, 71.769989, 918.282898, 0.139203906, 0, 0.99026376, 0, 1, 0, -0.99026376, 0, 0.139203906)
            CFrameMonster = CFrame.new(1068.664306640625, 137.61428833007812, 1322.1060791015625)
        elseif Lv == 800 or Lv <= 874 then
            Monster = "Factory Staff"
            NameQuest = "Area2Quest"
            LvQuest = 2
            NameMonster = "Factory Staff"
            CFrameQuest = CFrame.new(632.698608, 73.1055908, 918.666321, -0.0319722369, 8.96074881e-10, -0.999488771, 1.36326533e-10, 1, 8.92172336e-10, 0.999488771, -1.07732087e-10, -0.0319722369)
            CFrameMonster = CFrame.new(73.07867431640625, 81.86344146728516, -27.470672607421875)
        elseif Lv == 875 or Lv <= 899 then
            Monster = "Marine Lieutenant"
            LvQuest = 1
            NameQuest = "MarineQuest3"
            NameMonster = "Marine Lieutenant"
            CFrameQuest = CFrame.new(-2440.79639, 71.7140732, -3216.06812, 0.866007268, 0, 0.500031412, 0, 1, 0, -0.500031412, 0, 0.866007268)
            CFrameMonster = CFrame.new(-2821.372314453125, 75.89727783203125, -3070.089111328125)
        elseif Lv == 900 or Lv <= 949 then
            Monster = "Marine Captain"
            LvQuest = 2
            NameQuest = "MarineQuest3"
            NameMonster = "Marine Captain"
            CFrameQuest = CFrame.new(-2440.79639, 71.7140732, -3216.06812, 0.866007268, 0, 0.500031412, 0, 1, 0, -0.500031412, 0, 0.866007268)
            CFrameMonster = CFrame.new(-1861.2310791015625, 80.17658233642578, -3254.697509765625)
        elseif Lv == 950 or Lv <= 974 then
            Monster = "Zombie"
            LvQuest = 1
            NameQuest = "ZombieQuest"
            NameMonster = "Zombie"
            CFrameQuest = CFrame.new(-5497.06152, 47.5923004, -795.237061, -0.29242146, 0, -0.95628953, 0, 1, 0, 0.95628953, 0, -0.29242146)
            CFrameMonster = CFrame.new(-5657.77685546875, 78.96973419189453, -928.68701171875)
        elseif Lv == 975 or Lv <= 999 then
            Monster = "Vampire"
            LvQuest = 2
            NameQuest = "ZombieQuest"
            NameMonster = "Vampire"
            CFrameQuest = CFrame.new(-5497.06152, 47.5923004, -795.237061, -0.29242146, 0, -0.95628953, 0, 1, 0, 0.95628953, 0, -0.29242146)
            CFrameMonster = CFrame.new(-6037.66796875, 32.18463897705078, -1340.6597900390625)
        elseif Lv == 1000 or Lv <= 1049 then
            Monster = "Snow Trooper"
            LvQuest = 1
            NameQuest = "SnowMountainQuest"
            NameMonster = "Snow Trooper"
            CFrameQuest = CFrame.new(609.858826, 400.119904, -5372.25928, -0.374604106, 0, 0.92718488, 0, 1, 0, -0.92718488, 0, -0.374604106)
            CFrameMonster = CFrame.new(549.1473388671875, 427.3870544433594, -5563.69873046875)
        elseif Lv == 1050 or Lv <= 1099 then
            Monster = "Winter Warrior"
            LvQuest = 2
            NameQuest = "SnowMountainQuest"
            NameMonster = "Winter Warrior"
            CFrameQuest = CFrame.new(609.858826, 400.119904, -5372.25928, -0.374604106, 0, 0.92718488, 0, 1, 0, -0.92718488, 0, -0.374604106)
            CFrameMonster = CFrame.new(1142.7451171875, 475.6398010253906, -5199.41650390625)
        elseif Lv == 1100 or Lv <= 1124 then
            Monster = "Lab Subordinate"
            LvQuest = 1
            NameQuest = "IceSideQuest"
            NameMonster = "Lab Subordinate"
            CFrameQuest = CFrame.new(-6064.06885, 15.2422857, -4902.97852, 0.453972578, -0, -0.891015649, 0, 1, -0, 0.891015649, 0, 0.453972578)
            CFrameMonster = CFrame.new(-5707.4716796875, 15.951709747314453, -4513.39208984375)
        elseif Lv == 1125 or Lv <= 1174 then
            Monster = "Horned Warrior"
            LvQuest = 2
            NameQuest = "IceSideQuest"
            NameMonster = "Horned Warrior"
            CFrameQuest = CFrame.new(-6064.06885, 15.2422857, -4902.97852, 0.453972578, -0, -0.891015649, 0, 1, -0, 0.891015649, 0, 0.453972578)
            CFrameMonster = CFrame.new(-6341.36669921875, 15.951770782470703, -5723.162109375)
        elseif Lv == 1175 or Lv <= 1199 then
            Monster = "Magma Ninja"
            LvQuest = 1
            NameQuest = "FireSideQuest"
            NameMonster = "Magma Ninja"
            CFrameQuest = CFrame.new(-5428.03174, 15.0622921, -5299.43457, -0.882952213, 0, 0.469463557, 0, 1, 0, -0.469463557, 0, -0.882952213)
            CFrameMonster = CFrame.new(-5449.6728515625, 76.65874481201172, -5808.20068359375)
        elseif Lv == 1200 or Lv <= 1249 then
            Monster = "Lava Pirate"
            LvQuest = 2
            NameQuest = "FireSideQuest"
            NameMonster = "Lava Pirate"
            CFrameQuest = CFrame.new(-5428.03174, 15.0622921, -5299.43457, -0.882952213, 0, 0.469463557, 0, 1, 0, -0.469463557, 0, -0.882952213)
            CFrameMonster = CFrame.new(-5213.33154296875, 49.73788070678711, -4701.451171875)
        elseif Lv == 1250 or Lv <= 1274 then
            Monster = "Ship Deckhand"
            LvQuest = 1
            NameQuest = "ShipQuest1"
            NameMonster = "Ship Deckhand"
            CFrameQuest = CFrame.new(1037.80127, 125.092171, 32911.6016)         
            CFrameMonster = CFrame.new(1212.0111083984375, 150.79205322265625, 33059.24609375)    
            if _G.AutoFarm and (CFrameQuest.Position - game.Players.LocalPlayer.Character.HumanoidRootPart.Position).Magnitude > 10000 then
                game:GetService("ReplicatedStorage").Remotes.CommF_:InvokeServer("requestEntrance",Vector3.new(923.21252441406, 126.9760055542, 32852.83203125))
            end
        elseif Lv == 1275 or Lv <= 1299 then
            Monster = "Ship Engineer"
            LvQuest = 2
            NameQuest = "ShipQuest1"
            NameMonster = "Ship Engineer"
            CFrameQuest = CFrame.new(1037.80127, 125.092171, 32911.6016)   
            CFrameMonster = CFrame.new(919.4786376953125, 43.54401397705078, 32779.96875)   
            if _G.AutoFarmLevel and (CFrameQuest.Position - game.Players.LocalPlayer.Character.HumanoidRootPart.Position).Magnitude > 10000 then
                game:GetService("ReplicatedStorage").Remotes.CommF_:InvokeServer("requestEntrance",Vector3.new(923.21252441406, 126.9760055542, 32852.83203125))
            end             
        elseif Lv == 1300 or Lv <= 1324 then
            Monster = "Ship Steward"
            LvQuest = 1
            NameQuest = "ShipQuest2"
            NameMonster = "Ship Steward"
            CFrameQuest = CFrame.new(968.80957, 125.092171, 33244.125)         
            CFrameMonster = CFrame.new(919.4385375976562, 129.55599975585938, 33436.03515625)      
            if _G.AutoFarmLevel and (CFrameQuest.Position - game.Players.LocalPlayer.Character.HumanoidRootPart.Position).Magnitude > 10000 then
                game:GetService("ReplicatedStorage").Remotes.CommF_:InvokeServer("requestEntrance",Vector3.new(923.21252441406, 126.9760055542, 32852.83203125))
            end
        elseif Lv == 1325 or Lv <= 1349 then
            Monster = "Ship Officer"
            LvQuest = 2
            NameQuest = "ShipQuest2"
            NameMonster = "Ship Officer"
            CFrameQuest = CFrame.new(968.80957, 125.092171, 33244.125)
            CFrameMonster = CFrame.new(1036.0179443359375, 181.4390411376953, 33315.7265625)
            if _G.AutoFarmLevel and (CFrameQuest.Position - game.Players.LocalPlayer.Character.HumanoidRootPart.Position).Magnitude > 10000 then
                game:GetService("ReplicatedStorage").Remotes.CommF_:InvokeServer("requestEntrance",Vector3.new(923.21252441406, 126.9760055542, 32852.83203125))
            end
        elseif Lv == 1350 or Lv <= 1374 then
            Monster = "Arctic Warrior"
            LvQuest = 1
            NameQuest = "FrostQuest"
            NameMonster = "Arctic Warrior"
            CFrameQuest = CFrame.new(5667.6582, 26.7997818, -6486.08984, -0.933587909, 0, -0.358349502, 0, 1, 0, 0.358349502, 0, -0.933587909)
            CFrameMonster = CFrame.new(5966.24609375, 62.97002029418945, -6179.3828125)
            if _G.AutoFarmLevel and (CFrameQuest.Position - game.Players.LocalPlayer.Character.HumanoidRootPart.Position).Magnitude > 10000 then
                game:GetService("ReplicatedStorage").Remotes.CommF_:InvokeServer("requestEntrance",Vector3.new(5667.6582, 26.7997818, -6486.08984, -0.933587909, 0, -0.358349502, 0, 1, 0, 0.358349502, 0, -0.933587909))
            end
        elseif Lv == 1375 or Lv <= 1424 then
            Monster = "Snow Lurker"
            LvQuest = 2
            NameQuest = "FrostQuest"
            NameMonster = "Snow Lurker"
            CFrameQuest = CFrame.new(5667.6582, 26.7997818, -6486.08984, -0.933587909, 0, -0.358349502, 0, 1, 0, 0.358349502, 0, -0.933587909)
            CFrameMonster = CFrame.new(5407.07373046875, 69.19437408447266, -6880.88037109375)
        elseif Lv == 1425 or Lv <= 1449 then
            Monster = "Sea Soldier"
            LvQuest = 1
            NameQuest = "ForgottenQuest"
            NameMonster = "Sea Soldier"
            CFrameQuest = CFrame.new(-3054.44458, 235.544281, -10142.8193, 0.990270376, -0, -0.13915664, 0, 1, -0, 0.13915664, 0, 0.990270376)
            CFrameMonster = CFrame.new(-3028.2236328125, 64.67451477050781, -9775.4267578125)
        elseif Lv >= 1450 then
            Monster = "Water Fighter"
            LvQuest = 2
            NameQuest = "ForgottenQuest"
            NameMonster = "Water Fighter"
            CFrameQuest = CFrame.new(-3054.44458, 235.544281, -10142.8193, 0.990270376, -0, -0.13915664, 0, 1, -0, 0.13915664, 0, 0.990270376)
            CFrameMonster = CFrame.new(-3352.9013671875, 285.01556396484375, -10534.841796875)
        end
    elseif World3 then
        if Lv == 1500 or Lv <= 1524 then
            Monster = "Pirate Millionaire"
            LvQuest = 1
            NameQuest = "PiratePortQuest"
            NameMonster = "Pirate Millionaire"
            CFrameQuest = CFrame.new(-290.074677, 42.9034653, 5581.58984, 0.965929627, -0, -0.258804798, 0, 1, -0, 0.258804798, 0, 0.965929627)
            CFrameMonster = CFrame.new(-245.9963836669922, 47.30615234375, 5584.1005859375)
        elseif Lv == 1525 or Lv <= 1574 then
            Monster = "Pistol Billionaire"
            LvQuest = 2
            NameQuest = "PiratePortQuest"
            NameMonster = "Pistol Billionaire"
            CFrameQuest = CFrame.new(-290.074677, 42.9034653, 5581.58984, 0.965929627, -0, -0.258804798, 0, 1, -0, 0.258804798, 0, 0.965929627)
            CFrameMonster = CFrame.new(-187.3301544189453, 86.23987579345703, 6013.513671875)
        elseif Lv == 1575 or Lv <= 1599 then
            Monster = "Dragon Crew Warrior"
            LvQuest = 1
            NameQuest = "AmazonQuest"
            NameMonster = "Dragon Crew Warrior"
            CFrameQuest = CFrame.new(5832.83594, 51.6806107, -1101.51563, 0.898790359, -0, -0.438378751, 0, 1, -0, 0.438378751, 0, 0.898790359)
            CFrameMonster = CFrame.new(6141.140625, 51.35136413574219, -1340.738525390625)
        elseif Lv == 1600 or Lv <= 1624 then 
            Monster = "Dragon Crew Archer"
            NameQuest = "AmazonQuest"
            LvQuest = 2
            NameMonster = "Dragon Crew Archer"
            CFrameQuest = CFrame.new(5833.1147460938, 51.60498046875, -1103.0693359375)
            CFrameMonster = CFrame.new(6616.41748046875, 441.7670593261719, 446.0469970703125)
        elseif Lv == 1625 or Lv <= 1649 then
            Monster = "Female Islander"
            NameQuest = "AmazonQuest2"
            LvQuest = 1
            NameMonster = "Female Islander"
            CFrameQuest = CFrame.new(5446.8793945313, 601.62945556641, 749.45672607422)
            CFrameMonster = CFrame.new(4685.25830078125, 735.8078002929688, 815.3425903320312)
        elseif Lv == 1650 or Lv <= 1699 then 
            Monster = "Giant Islander"
            NameQuest = "AmazonQuest2"
            LvQuest = 2
            NameMonster = "Giant Islander"
            CFrameQuest = CFrame.new(5446.8793945313, 601.62945556641, 749.45672607422)
            CFrameMonster = CFrame.new(4729.09423828125, 590.436767578125, -36.97627639770508)
        elseif Lv == 1700 or Lv <= 1724 then
            Monster = "Marine Commodore"
            LvQuest = 1
            NameQuest = "MarineTreeIsland"
            NameMonster = "Marine Commodore"
            CFrameQuest = CFrame.new(2180.54126, 27.8156815, -6741.5498, -0.965929747, 0, 0.258804798, 0, 1, 0, -0.258804798, 0, -0.965929747)
            CFrameMonster = CFrame.new(2286.0078125, 73.13391876220703, -7159.80908203125)
        elseif Lv == 1725 or Lv <= 1774 then
            Monster = "Marine Rear Admiral"
            NameMonster = "Marine Rear Admiral"
            NameQuest = "MarineTreeIsland"
            LvQuest = 2
            CFrameQuest = CFrame.new(2179.98828125, 28.731239318848, -6740.0551757813)
            CFrameMonster = CFrame.new(3656.773681640625, 160.52406311035156, -7001.5986328125)
        elseif Lv == 1775 or Lv <= 1799 then
            Monster = "Fishman Raider"
            LvQuest = 1
            NameQuest = "DeepForestIsland3"
            NameMonster = "Fishman Raider"
            CFrameQuest = CFrame.new(-10581.6563, 330.872955, -8761.18652, -0.882952213, 0, 0.469463557, 0, 1, 0, -0.469463557, 0, -0.882952213)   
            CFrameMonster = CFrame.new(-10407.5263671875, 331.76263427734375, -8368.5166015625)
        elseif Lv == 1800 or Lv <= 1824 then
            Monster = "Fishman Captain"
            LvQuest = 2
            NameQuest = "DeepForestIsland3"
            NameMonster = "Fishman Captain"
            CFrameQuest = CFrame.new(-10581.6563, 330.872955, -8761.18652, -0.882952213, 0, 0.469463557, 0, 1, 0, -0.469463557, 0, -0.882952213)   
            CFrameMonster = CFrame.new(-10994.701171875, 352.38140869140625, -9002.1103515625) 
        elseif Lv == 1825 or Lv <= 1849 then
            Monster = "Forest Pirate"
            LvQuest = 1
            NameQuest = "DeepForestIsland"
            NameMonster = "Forest Pirate"
            CFrameQuest = CFrame.new(-13234.04, 331.488495, -7625.40137, 0.707134247, -0, -0.707079291, 0, 1, -0, 0.707079291, 0, 0.707134247)
            CFrameMonster = CFrame.new(-13274.478515625, 332.3781433105469, -7769.58056640625)
        elseif Lv == 1850 or Lv <= 1899 then
            Monster = "Mythological Pirate"
            LvQuest = 2
            NameQuest = "DeepForestIsland"
            NameMonster = "Mythological Pirate"
            CFrameQuest = CFrame.new(-13234.04, 331.488495, -7625.40137, 0.707134247, -0, -0.707079291, 0, 1, -0, 0.707079291, 0, 0.707134247)   
            CFrameMonster = CFrame.new(-13680.607421875, 501.08154296875, -6991.189453125)
        elseif Lv == 1900 or Lv <= 1924 then
            Monster = "Jungle Pirate"
            LvQuest = 1
            NameQuest = "DeepForestIsland2"
            NameMonster = "Jungle Pirate"
            CFrameQuest = CFrame.new(-12680.3818, 389.971039, -9902.01953, -0.0871315002, 0, 0.996196866, 0, 1, 0, -0.996196866, 0, -0.0871315002)
            CFrameMonster = CFrame.new(-12256.16015625, 331.73828125, -10485.8369140625)
        elseif Lv == 1925 or Lv <= 1974 then
            Monster = "Musketeer Pirate"
            LvQuest = 2
            NameQuest = "DeepForestIsland2"
            NameMonster = "Musketeer Pirate"
            CFrameQuest = CFrame.new(-12680.3818, 389.971039, -9902.01953, -0.0871315002, 0, 0.996196866, 0, 1, 0, -0.996196866, 0, -0.0871315002)
            CFrameMonster = CFrame.new(-13457.904296875, 391.545654296875, -9859.177734375)
        elseif Lv == 1975 or Lv <= 1999 then
            Monster = "Reborn Skeleton"
            LvQuest = 1
            NameQuest = "HauntedQuest1"
            NameMonster = "Reborn Skeleton"
            CFrameQuest = CFrame.new(-9479.2168, 141.215088, 5566.09277, 0, 0, 1, 0, 1, -0, -1, 0, 0)
            CFrameMonster = CFrame.new(-8763.7236328125, 165.72299194335938, 6159.86181640625)
        elseif Lv == 2000 or Lv <= 2024 then
            Monster = "Living Zombie"
            LvQuest = 2
            NameQuest = "HauntedQuest1"
            NameMonster = "Living Zombie"
            CFrameQuest = CFrame.new(-9479.2168, 141.215088, 5566.09277, 0, 0, 1, 0, 1, -0, -1, 0, 0)
            CFrameMonster = CFrame.new(-10144.1318359375, 138.62667846679688, 5838.0888671875)
        elseif Lv == 2025 or Lv <= 2049 then
            Monster = "DeMonsteric Soul"
            LvQuest = 1
            NameQuest = "HauntedQuest2"
            NameMonster = "DeMonsteric Soul"
            CFrameQuest = CFrame.new(-9516.99316, 172.017181, 6078.46533, 0, 0, -1, 0, 1, 0, 1, 0, 0) 
            CFrameMonster = CFrame.new(-9505.8720703125, 172.10482788085938, 6158.9931640625)
        elseif Lv == 2050 or Lv <= 2074 then
            Monster = "Posessed Mummy"
            LvQuest = 2
            NameQuest = "HauntedQuest2"
            NameMonster = "Posessed Mummy"
            CFrameQuest = CFrame.new(-9516.99316, 172.017181, 6078.46533, 0, 0, -1, 0, 1, 0, 1, 0, 0)
            CFrameMonster = CFrame.new(-9582.0224609375, 6.251527309417725, 6205.478515625)
        elseif Lv == 2075 or Lv <= 2099 then
            Monster = "Peanut Scout"
            LvQuest = 1
            NameQuest = "NutsIslandQuest"
            NameMonster = "Peanut Scout"
            CFrameQuest = CFrame.new(-2104.3908691406, 38.104167938232, -10194.21875, 0, 0, -1, 0, 1, 0, 1, 0, 0)
            CFrameMonster = CFrame.new(-2143.241943359375, 47.72198486328125, -10029.9951171875)
        elseif Lv == 2100 or Lv <= 2124 then
            Monster = "Peanut President"
            LvQuest = 2
            NameQuest = "NutsIslandQuest"
            NameMonster = "Peanut President"
            CFrameQuest = CFrame.new(-2104.3908691406, 38.104167938232, -10194.21875, 0, 0, -1, 0, 1, 0, 1, 0, 0)
            CFrameMonster = CFrame.new(-1859.35400390625, 38.10316848754883, -10422.4296875)
        elseif Lv == 2125 or Lv <= 2149 then
            Monster = "Ice Cream Chef"
            LvQuest = 1
            NameQuest = "IceCreamIslandQuest"
            NameMonster = "Ice Cream Chef"
            CFrameQuest = CFrame.new(-820.64825439453, 65.819526672363, -10965.795898438, 0, 0, -1, 0, 1, 0, 1, 0, 0)
            CFrameMonster = CFrame.new(-872.24658203125, 65.81957244873047, -10919.95703125)
        elseif Lv == 2150 or Lv <= 2199 then
            Monster = "Ice Cream Commander"
            LvQuest = 2
            NameQuest = "IceCreamIslandQuest"
            NameMonster = "Ice Cream Commander"
            CFrameQuest = CFrame.new(-820.64825439453, 65.819526672363, -10965.795898438, 0, 0, -1, 0, 1, 0, 1, 0, 0)
            CFrameMonster = CFrame.new(-558.06103515625, 112.04895782470703, -11290.7744140625)
        elseif Lv == 2200 or Lv <= 2224 then
            Monster = "Cookie Crafter"
            LvQuest = 1
            NameQuest = "CakeQuest1"
            NameMonster = "Cookie Crafter"
            CFrameQuest = CFrame.new(-2021.32007, 37.7982254, -12028.7295, 0.957576931, -8.80302053e-08, 0.288177818, 6.9301187e-08, 1, 7.51931211e-08, -0.288177818, -5.2032135e-08, 0.957576931)
            CFrameMonster = CFrame.new(-2374.13671875, 37.79826354980469, -12125.30859375)
        elseif Lv == 2225 or Lv <= 2249 then
            Monster = "Cake Guard"
            LvQuest = 2
            NameQuest = "CakeQuest1"
            NameMonster = "Cake Guard"
            CFrameQuest = CFrame.new(-2021.32007, 37.7982254, -12028.7295, 0.957576931, -8.80302053e-08, 0.288177818, 6.9301187e-08, 1, 7.51931211e-08, -0.288177818, -5.2032135e-08, 0.957576931)
            CFrameMonster = CFrame.new(-1598.3070068359375, 43.773197174072266, -12244.5810546875)
        elseif Lv == 2250 or Lv <= 2274 then
            Monster = "Baking Staff"
            LvQuest = 1
            NameQuest = "CakeQuest2"
            NameMonster = "Baking Staff"
            CFrameQuest = CFrame.new(-1927.91602, 37.7981339, -12842.5391, -0.96804446, 4.22142143e-08, 0.250778586, 4.74911062e-08, 1, 1.49904711e-08, -0.250778586, 2.64211941e-08, -0.96804446)
            CFrameMonster = CFrame.new(-1887.8099365234375, 77.6185073852539, -12998.3505859375)
        elseif Lv == 2275 or Lv <= 2299 then
            Monster = "Head Baker"
            LvQuest = 2
            NameQuest = "CakeQuest2"
            NameMonster = "Head Baker"
            CFrameQuest = CFrame.new(-1927.91602, 37.7981339, -12842.5391, -0.96804446, 4.22142143e-08, 0.250778586, 4.74911062e-08, 1, 1.49904711e-08, -0.250778586, 2.64211941e-08, -0.96804446)
            CFrameMonster = CFrame.new(-2216.188232421875, 82.884521484375, -12869.2939453125)
        elseif Lv == 2300 or Lv <= 2324 then
            Monster = "Cocoa Warrior"
            LvQuest = 1
            NameQuest = "ChocQuest1"
            NameMonster = "Cocoa Warrior"
            CFrameQuest = CFrame.new(233.22836303710938, 29.876001358032227, -12201.2333984375)
            CFrameMonster = CFrame.new(-21.55328369140625, 80.57499694824219, -12352.3876953125)
        elseif Lv == 2325 or Lv <= 2349 then
            Monster = "Chocolate Bar Battler"
            LvQuest = 2
            NameQuest = "ChocQuest1"
            NameMonster = "Chocolate Bar Battler"
            CFrameQuest = CFrame.new(233.22836303710938, 29.876001358032227, -12201.2333984375)
            CFrameMonster = CFrame.new(582.590576171875, 77.18809509277344, -12463.162109375)
        elseif Lv == 2350 or Lv <= 2374 then
            Monster = "Sweet Thief"
            LvQuest = 1
            NameQuest = "ChocQuest2"
            NameMonster = "Sweet Thief"
            CFrameQuest = CFrame.new(150.5066375732422, 30.693693161010742, -12774.5029296875)
            CFrameMonster = CFrame.new(165.1884765625, 76.05885314941406, -12600.8369140625)
        elseif Lv == 2375 or Lv <= 2399 then
            Monster = "Candy Rebel"
            LvQuest = 2
            NameQuest = "ChocQuest2"
            NameMonster = "Candy Rebel"
            CFrameQuest = CFrame.new(150.5066375732422, 30.693693161010742, -12774.5029296875)
            CFrameMonster = CFrame.new(134.86563110351562, 77.2476806640625, -12876.5478515625)
        elseif Lv == 2400 or Lv <= 2424 then
            Monster = "Candy Pirate"
            LvQuest = 1
            NameQuest = "CandyQuest1"
            NameMonster = "Candy Pirate"
            CFrameQuest = CFrame.new(-1150.0400390625, 20.378934860229492, -14446.3349609375)
            CFrameMonster = CFrame.new(-1310.5003662109375, 26.016523361206055, -14562.404296875)
        elseif Lv == 2425 or Lv <= 2449 then
            Monster = "Snow DeMonster"
            LvQuest = 2
            NameQuest = "CandyQuest1"
            NameMonster = "Snow DeMonster"
            CFrameQuest = CFrame.new(-1150.0400390625, 20.378934860229492, -14446.3349609375)
            CFrameMonster = CFrame.new(-880.2006225585938, 71.24776458740234, -14538.609375)
        elseif Lv == 2450 or Lv <= 2474 then
            Monster = "Isle Outlaw"
            LvQuest = 1
            NameQuest = "TikiQuest1"
            NameMonster = "Isle Outlaw"
            CFrameQuest = CFrame.new(-16547.748046875, 61.13533401489258, -173.41360473632812)
            CFrameMonster = CFrame.new(-16442.814453125, 116.13899993896484, -264.4637756347656)
        elseif Lv == 2475 or Lv <= 2499 then
            Monster = "Island Boy"
            LvQuest = 2
            NameQuest = "TikiQuest1"
            NameMonster = "Island Boy"
            CFrameQuest = CFrame.new(-16547.748046875, 61.13533401489258, -173.41360473632812)
            CFrameMonster = CFrame.new(-16901.26171875, 84.06756591796875, -192.88906860351562)
        elseif Lv == 2500 or Lv <= 2524 then
            Monster = "Sun-kissed Warrior"
            LvQuest = 1
            NameQuest = "TikiQuest2"
            NameMonster = "kissed"
            CFrameQuest = CFrame.new(-16539.078125, 55.68632888793945, 1051.5738525390625)
            CFrameMonster = CFrame.new(-16051.9697265625, 54.797149658203125, 1084.67578125)
        elseif Lv == 2525 or Lv <= 2550 then
            Monster = "Isle Champion"
            LvQuest = 2
            NameQuest = "TikiQuest2"
            NameMonster = "Isle Champion"
            CFrameQuest = CFrame.new(-16539.078125, 55.68632888793945, 1051.5738525390625)
            CFrameMonster = CFrame.new(-16619.37109375, 129.9848175048828, 1071.235595703125)
          elseif Lv == 2550 or Lv <= 2574 then
            Monster = "Serpent Hunter"
            LvQuest = 1
            NameQuest = "TikiQuest3"
            NameMonster = "Serpent Hunter"
            CFrameQuest = CFrame.new(-16665.1914, 104.596405, 1579.69434, 0.951068401, -0, -0.308980465, 0, 1, -0, 0.308980465, 0, 0.951068401)
            CFrameMonster = CFrame.new(-16654.7754, 105.286232, 1579.67444, 0.999096751, 4.45934489e-08, 0.0424928814, -4.38822667e-08, 1, -1.76692847e-08, -0.0424928814, 1.57886415e-08, 0.999096751)
            elseif Lv == 2575 or Lv <= 2600 then
            Monster = "Skull Slayer"
            LvQuest = 2
            NameQuest = "TikiQuest3"
            NameMonster = "Skull Slayer"
            CFrameQuest = CFrame.new(-16665.1914, 104.596405, 1579.69434, 0.951068401, -0, -0.308980465, 0, 1, -0, 0.308980465, 0, 0.951068401)
            CFrameMonster = CFrame.new(-16654.7754, 105.286232, 1579.67444, 0.999096751, 4.45934489e-08, 0.0424928814, -4.38822667e-08, 1, -1.76692847e-08, -0.0424928814, 1.57886415e-08, 0.999096751)
          end
      end
  end
  function Hop()
    local PlaceID = game.PlaceId
    local AllIDs = {}
    local foundAnything = ""
    local actualHour = os.date("!*t").hour
    local Deleted = false
    function TPReturner()
        local Site;
        if foundAnything == "" then
            Site = game.HttpService:JSONDecode(game:HttpGet('https://games.roblox.com/v1/games/' .. PlaceID .. '/servers/Public?sortOrder=Asc&limit=100'))
        else
            Site = game.HttpService:JSONDecode(game:HttpGet('https://games.roblox.com/v1/games/' .. PlaceID .. '/servers/Public?sortOrder=Asc&limit=100&cursor=' .. foundAnything))
        end
        local ID = ""
        if Site.nextPageCursor and Site.nextPageCursor ~= "null" and Site.nextPageCursor ~= nil then
            foundAnything = Site.nextPageCursor
        end
        local num = 0;
        for i,v in pairs(Site.data) do
            local Possible = true
            ID = tostring(v.id)
            if tonumber(v.maxPlayers) > tonumber(v.playing) then
                for _,Existing in pairs(AllIDs) do
                    if num ~= 0 then
                        if ID == tostring(Existing) then
                            Possible = false
                        end
                    else
                        if tonumber(actualHour) ~= tonumber(Existing) then
                            local delFile = pcall(function()
                                AllIDs = {}
                                table.insert(AllIDs, actualHour)
                            end)
                        end
                    end
                    num = num + 1
                end
                if Possible == true then
                    table.insert(AllIDs, ID)
                    wait()
                    pcall(function()
                        wait()
